-03 -03 -03 -03 -03 -03 -03 -03 -03 -03 -03 -03 -03 -03 -03 -03 -03 -03 -03 -03 -03 -03 -03 -03 -03 -03 -03 -03 -03 -03 -03 -03 -03 -03 -03
-03 -01 -01 -01 -01 -01 -01 -01 -01 -01 -01 -01 -01 -01 -01 -01 -01 001 -01 -01 -01 -01 -01 -01 -01 -01 -01 -01 -01 -01 -01 -01 -01 -01 -03
-03 -01 000 003 004 005 006 007 008 009 010 011 012 013 014 015 -01 001 -01 016 017 018 019 020 021 022 023 024 025 026 027 028 002 -01 -03
-03 -01 029 -01 -01 -01 -01 -01 030 -01 -01 -01 -01 -01 -01 031 -01 001 -01 032 -01 -01 -01 -01 -01 -01 033 -01 -01 -01 -01 -01 034 -01 -03
-03 -01 035 -01 001 001 001 -01 036 -01 001 001 001 001 -01 037 -01 001 -01 038 -01 001 001 001 001 -01 039 -01 001 001 001 -01 040 -01 -03
-03 -01 041 -01 -01 -01 -01 -01 042 -01 -01 -01 -01 -01 -01 043 -01 -01 -01 044 -01 -01 -01 -01 -01 -01 045 -01 -01 -01 -01 -01 046 -01 -03
-03 -01 047 048 049 050 051 052 053 054 055 056 057 058 059 060 061 062 063 064 065 066 067 068 069 070 071 072 073 074 075 076 077 -01 -03
-03 -01 078 -01 -01 -01 -01 -01 079 -01 -01 -01 080 -01 -01 -01 -01 -01 -01 -01 -01 -01 081 -01 -01 -01 082 -01 -01 -01 -01 -01 083 -01 -03
-03 -01 084 -01 001 001 001 -01 085 -01 001 -01 086 -01 001 001 001 001 001 001 001 -01 087 -01 001 -01 088 -01 001 001 001 -01 089 -01 -03
-03 -01 090 -01 -01 -01 -01 -01 091 -01 001 -01 092 -01 -01 -01 -01 001 -01 -01 -01 -01 093 -01 001 -01 094 -01 -01 -01 -01 -01 095 -01 -03
-03 -01 096 097 098 099 100 101 102 -01 001 -01 103 104 105 106 -01 001 -01 107 108 109 110 -01 001 -01 111 112 113 114 115 116 117 -01 -03
-03 -01 -01 -01 -01 -01 -01 -01 118 -01 001 -01 -01 -01 -01 119 -01 001 -01 120 -01 -01 -01 -01 001 -01 121 -01 -01 -01 -01 -01 -01 -01 -03
-03 001 001 001 001 001 001 -01 122 -01 001 001 001 001 -01 123 -01 001 -01 124 -01 001 001 001 001 -01 125 -01 001 001 001 001 001 001 -03
-03 001 001 001 001 001 001 -01 126 -01 001 -01 -01 -01 -01 127 -01 -01 -01 128 -01 -01 -01 -01 001 -01 129 -01 001 001 001 001 001 001 -03
-03 001 001 001 001 001 001 -01 130 -01 001 -01 131 132 133 134 135 136 137 138 139 140 141 -01 001 -01 142 -01 001 001 001 001 001 001 -03
-03 001 001 001 001 001 001 -01 143 -01 001 -01 144 -01 -01 -01 367 368 369 -01 -01 -01 145 -01 001 -01 146 -01 001 001 001 001 001 001 -03
-03 -01 -01 -01 -01 -01 -01 -01 147 -01 -01 -01 148 -01 370 371 372 373 374 375 376 -01 149 -01 -01 -01 150 -01 -01 -01 -01 -01 -01 -01 -03
-03 151 152 153 154 155 156 157 158 159 160 161 162 -01 377 378 379 380 381 382 383 -01 163 164 165 167 168 169 170 171 172 173 174 175 -03
-03 -01 -01 -01 -01 -01 -01 -01 176 -01 -01 -01 177 -01 384 385 386 387 388 389 390 -01 178 -01 -01 -01 179 -01 -01 -01 -01 -01 -01 -01 -03
-03 001 001 001 001 001 001 -01 180 -01 001 -01 181 -01 -01 -01 -01 -01 -01 -01 -01 -01 182 -01 001 -01 183 -01 001 001 001 001 001 001 -03
-03 001 001 001 001 001 001 -01 184 -01 001 -01 185 186 187 189 190 191 192 193 194 195 196 -01 001 -01 197 -01 001 001 001 001 001 001 -03
-03 001 001 001 001 001 001 -01 198 -01 001 -01 199 -01 -01 -01 -01 -01 -01 -01 -01 -01 200 -01 001 -01 201 -01 001 001 001 001 001 001 -03
-03 001 001 001 001 001 001 -01 202 -01 001 -01 203 -01 001 001 001 001 001 001 001 -01 204 -01 001 -01 205 -01 001 001 001 001 001 001 -03
-03 -01 -01 -01 -01 -01 -01 -01 206 -01 -01 -01 207 -01 -01 -01 -01 001 -01 -01 -01 -01 208 -01 -01 -01 209 -01 -01 -01 -01 -01 -01 -01 -03
-03 -01 210 211 212 213 214 215 216 217 218 219 220 221 222 223 -01 001 -01 224 225 226 227 228 229 230 231 232 233 234 235 236 237 -01 -03
-03 -01 238 -01 -01 -01 -01 -01 239 -01 -01 -01 -01 -01 -01 240 -01 001 -01 241 -01 -01 -01 -01 -01 -01 242 -01 -01 -01 -01 -01 243 -01 -03
-03 -01 244 -01 001 001 001 -01 245 -01 001 001 001 001 -01 246 -01 001 -01 247 -01 001 001 001 001 -01 248 -01 001 001 001 -01 249 -01 -03
-03 -01 250 -01 -01 -01 001 -01 251 -01 -01 -01 -01 -01 -01 252 -01 -01 -01 253 -01 -01 -01 -01 -01 -01 254 -01 001 -01 -01 -01 255 -01 -03
-03 -01 256 257 258 -01 001 -01 259 260 261 262 263 264 265 266 267 268 269 270 271 272 273 274 275 276 277 -01 001 -01 278 279 280 -01 -03
-03 -01 -01 -01 281 -01 001 -01 282 -01 -01 -01 283 -01 -01 -01 -01 -01 -01 -01 -01 -01 284 -01 -01 -01 285 -01 001 -01 286 -01 -01 -01 -03
-03 001 001 -01 287 -01 001 -01 288 -01 001 -01 289 -01 001 001 001 001 001 001 001 -01 290 -01 001 -01 291 -01 001 -01 292 -01 001 001 -03
-03 -01 -01 -01 293 -01 -01 -01 294 -01 001 -01 295 -01 -01 -01 -01 001 -01 -01 -01 -01 296 -01 001 -01 297 -01 -01 -01 298 -01 -01 -01 -03
-03 -01 299 300 301 302 303 304 305 -01 001 -01 306 307 308 309 -01 001 -01 310 311 312 313 -01 001 -01 314 315 316 317 318 319 320 -01 -03
-03 -01 321 -01 -01 -01 -01 -01 -01 -01 001 -01 -01 -01 -01 322 -01 001 -01 323 -01 -01 -01 -01 001 -01 -01 -01 -01 -01 -01 -01 324 -01 -03
-03 -01 325 -01 001 001 001 001 001 001 001 001 001 001 -01 326 -01 001 -01 327 -01 001 001 001 001 001 001 001 001 001 001 -01 328 -01 -03
-03 -01 329 -01 -01 -01 -01 -01 -01 -01 -01 -01 -01 -01 -01 330 -01 -01 -01 331 -01 -01 -01 -01 -01 -01 -01 -01 -01 -01 -01 -01 332 -01 -03
-03 -01 365 333 334 335 336 337 338 339 340 341 342 343 344 345 346 350 351 352 353 354 355 356 357 358 359 360 361 362 363 364 366 -01 -03
-03 -01 -01 -01 -01 -01 -01 -01 -01 -01 -01 -01 -01 -01 -01 -01 -01 -01 -01 -01 -01 -01 -01 -01 -01 -01 -01 -01 -01 -01 -01 -01 -01 -01 -03
